100
95.7
93.5
92.9
95.5
94.6
95.8
95
85.7
84.1
88.1
85.7
82.5
84.4
81.6
78.5
76.3
74.8
73.1
71.8
70.7
68.5
67.2
67.1
70
76.3
83.5
91.3
97.9
98.4
88.9
84.7
90.7
99.1
91.7
90.9
96.4
95.3
92
90.5
93.7
94.2
92.3
92.7
92.5
89.1
92.6
90.9
91.3
92.2
93.1
91.5
93.7
94.6
94.1
94.5
91
92.9
92.4
90.3
87.2
86.8
84.3
83.1
83.5
82.2
82.2
78.8
76.5
75.3
75.9
77.4
76.2
73.9
74
73.1
74
73.8
71.5
70
67.8
66.4
62.8
65.3
71.5
78.3
85.2
86.1
83
84.4
82.1
84.1
83.7
83.2
81
80.2
80.5
80.3
79.9
80
81
84.1
82.9
82.8
81.9
81.7
84.6
86.6
86.7
87.8
90.2
92.7
92.1
89.4
86.7
88.3
92.2
94.2
95.1
92.9
91.5
93.2
93.3
93.2
94.7
95.1
93.2
95.4
100.2
104.8
105.8
105.9
105.6
104.5
103
102.9
102.5
103.4
104.6
106.1
106.9
106.7
107.3
106.9
106.7
105.4
103.8
103.9
104.6
104.8
104.5
104.4
104.2
103.8
104.1
104.8
103.6
104
105.5
107.1
108.8
112.1
115.2
118.7
122.7
125.4
121.7
121
123.1
124.8
124.1
126.5
128.5
128.8
127.9
128.6
129.6
133.5
141.1
151.4
162.3
175.4
191.7
192.8
186.5
181.7
187.3
200.5
220.1
241.8
253.4
251.3
271.8
296.9
316.8
342.4
363.2
374.1
366.8
331.6
300
270.9
260.8
285.8
313.5
328.5
317.8
327.1
336.1
340.9
346.4
363.6
396
409.2
384.1
406.5
411.7
404.7
410
418.9
414.6
416.5
416.7
414.8
418
419.4
440.1
480.9
518.9
519.2
543
580.3
593.7
631.8
692.2
738.9
689.2
623.6
681.5
747.5
706
668.3
668.8
675.6
697.5
653.7
611.9
582.6
578.1
605
623.1
646.7
669.4
675.3
708.3
749.8
765.3
801.7
796.2
775.6
765.2
788.4
809.7
824.7
815.5
802.9
836.5
886.8
904.4
851.2
815.8
858.2
880.1
872.2
876.7
906.8
947.7
965.4
963.2
1015.7
1029.6
1055.6
1079.7
1122.6
1196.9
1267.3
1162.7
1229.8
1289.7
1319.4
1308.3
1316
1340.4
1395.7
1445.9
1491
1524.6
1566.7
1661.7
1801.2
1669
1505.4
1470.2
1595.4
1662.6
1710.4
1785.4
1858.6
1884.3
1913.9
1941.8
1957.8
1996.7
2004.5
1977
2012.9
2052.5
2038.9
2022.5
2047.5
1996.2
1820.5
1704.1
1830.9
1744.6
1586.5
1437.1
1362.9
1385.5
1324.4
1182.3
1058
986.7
1037.9
1117.1
1295.1
1340.3
1208.2
1089.5
1126
1072.9
1028.8
1028.2
1055.4
1148.4
1132.2
1168.4
1210.2
1233.8
1215
1208.1
1190
1103.9
1047.8
1010.5
960.3
865.8
784.4
829.1
780.4
732.7
713.3
759.1
783.2
770.4
792.8
837.7
873.3
906
950.1
1014.2
1093.7
1028.9
1094
1153.3
1048.8
1089.4
1037.7
1026.5
1056.4
1059.4
1067.7
1082.4
1120.8
1161
1176.3
1159.5
1141.9
1146.7
1173.8
1190.6
1220.8
1219.6
1229.2
1175.3
1127.4
1130.3
1144.4
1101.3
1049.4
1026.6
942.3
917.1
991.7
1041
964.3
937.7
950.9
947.4
916.1
897.5
899.9
894.8
856.5
868.4
903.7
927.4
939.3
972.4
972.4
974.1
943.7
916.7
914.6
892.6
899.3
905.8
926.9
911.2
904
881.9
847.1
832
812.3
789.2
764
790.3
812.1
783.8
767.1
760.3
737.4
717.8
695.2
662.4
649.2
691.7
696.5
663.9
654
668.8
669.2
673.3
691.3
730.7
776.1
793.5
781.6
789.3
780.5
744.9
702.6
680.6
720
720
702.5
700.7
713.5
735.9
713.3
717.2
713
716.1
713.6
705
732
749.7
775.9
760.8
766.3
735.3
743.8
721.9
732.6
726.5
739.4
740.6
737.9
733.4
729.4
718.5
696
679.1
679.1
662.2
641.6
632.8
605.9
615.5
597.8
586.7
620.2
663.3
653.1
658.9
648.7
632
646.1
649.5
657.4
659.6
648.7
618
615
629.8
678.9
645.9
632.3
633.8
641.3
657.4
660.9
654.7
653.3
650.8
638.9
635
618.8
619.3
612
606
600.1
593.3
584.5
578.1
581.3
593
577.8
583.5
594.5
606.6
605.3
625.2
643.5
669.4
689.9
729.9
741.3
742
709.9
731
764.7
816.8
849.4
830.8
882.3
900.8
840.3
869.4
853.3
848.5
834.2
839
864
894.8
915.2
901.7
864.8
828.5
817.9
802.4
761.8
724.4
776.8
826.1
782.2
818.9
768.7
777.9
742.1
746.6
785.3
797.9
799.9
803.6
796.8
791.4
788.8
787.2
762.9
758.9
781
792.4
790.1
794.8
822.2
833.1
820.1
840.1
849.9
852.2
846
824.2
827.6
830
829.2
820.5
803.7
817.4
821
845.9
871.8
860
857.8
843.1
824.5
812.4
816.6
838.3
831.6
814.7
811.8
820.4
816.3
812.1
819.2
813.1
813.5
826.2
841.1
842.7
838
837.3
839.8
835.1
835.1
839.1
841.2
838.2
835.4
828.1
824.7
831.7
844.8
860.8
863.1
863.8
883.6
909
925.4
911.8
929.1
906.1
882.9
874.7
885.7
885.5
885.4
880.3
878.4
890
882
884.8
879.6
869.7
845.3
838.7
846.5
827.2
805.7
805.7
810.1
798.6
812.7
825.4
825.5
814.3
789.7
801
796.3
804.4
810.7
804.1
801.7
797.5
824.7
841.4
849.8
854.3
863.1
855.3
844.6
839.6
842.4
844.4
843.8
851
817.7
817.1
834.2
842.6
837.8
841.2
847.1
837.3
834
833.2
840.3
845.7
830.3
823.8
819.1
832.2
831.1
821.1
821
813.1
810.4
800
771.7
772.7
785.1
790.1
797.1
791.9
810.7
822.9
834.6
870.5
888.6
920.5
921.1
935.7
924.7
920
915.9
925.6
913.2
903.2
919.3
925
957.7
1001
1028.9
1063.5
1065.2
1097.5
1087.4
1111.4
1114.4
1121.5
1115
1120.8
1137.5
1183
1137.7
1127.8
1123.3
1119.1
1114.8
1068.1
1064.7
1089.5
1084.3
1093.9
1101.4
1126.8
1163.1
1177.1
1207.7
1220.2
1257.3
1267.4
1282
1223.5
1218.8
1239.6
1220.1
1219.4
1249.8
1259.6
1249.5
1235.7
1203.7
1186.9
1186.1
1204.7
1192.3
1204.1
1220.8
1218.4
1208.5
1222.7
1231.1
1232.7
1232.1
1234.1
1233.2
1230.8
1242.8
1255.1
1253.7
1253
1268.5
1289.1
1290.8
1299.6
1290.3
1301.2
1298.9
1315.4
1378.1
1389.5
1400.7
1378.6
1374.7
1354.6
1342.6
1351
1358.2
1360.4
1337.4
1304.7
1261.2
1255.6
1255.7
1244.7
1252.7
1235.9
1251.1
1269.3
1297.5
1300.9
1331.2
1361.1
1371.7
1367.6
1367.1
1342.4
1352.1
1354.3
1365.7
1361.2
1369.4
1412.5
1437.8
1459.1
1451.9
1441.2
1447
1430.5
1430.1
1498.2
1513.3
1480.2
1465.1
1434.4
1415.5
1396.3
1407.7
1371.7
1347.8
1334.7
1327.1
1301.1
1292.7
1315
1335.2
1338.6
1363.2
1356.4
1351.6
1317.9
1288.1
1342
1329.9
1295.7
1311.1
1325
1318.7
1302.5
1306.4
1331.1
1360.5
1377.7
1378.2
1419.3
1449
1436.2
1413.5
1423.7
1415.4
1442
1455.3
1448
1436.8
1408.9
1401.6
1415.5
1436.7
1429
1448.3
1471.1
1507.6
1532.2
1534.7
1501.6
1496.6
1519.8
1511.2
1490.6
1495.5
1524
1517.2
1513.8
1513.9
1505.5
1513.6
1530.3
1551.6
1561.9
1559
1543.5
1541.5
1546.7
1546.2
1532.9
1522
1485
1456
1456.3
1414
1381.1
1348.6
1320.5
1361.7
1381.7
1387.8
1381.3
1424
1424.9
1417.2
1400.9
1382.7
1366.8
1380.5
1387.6
1386.8
1380.9
1387.4
1395.8
1400.3
1387.4
1394.2
1396.9
1406.7
1391.4
1386.7
1385.6
1398.2
1386.4
1368
1368
1389
1408.6
1408.9
1399.3
1398
1408
1412.2
1430.1
1451.5
1432
1428.2
1441.8
1448.6
1451.8
1449.6
1489.3
1518.3
1537.9
1551.9
1554.4
1564.3
1554.7
1586.2
1601
1599.1
1601.3
1616.4
1655.6
1695.8
1740.2
1712.1
1660
1647.6
1638.2
1677.9
1680.5
1679
